
 Iteration : 3
 	 0.0000 	 0.0000 	 0.0000 	 0.0000 	 0.0000 	 0.0000
 	 0.0000 	 0.0000 	 0.0000 	 0.0000 	 0.0000 	 0.0000
 	 4.0000 	 4.0000 	 3.9580 	 3.3289 	 2.1877 	 0.0000
 	 4.0000 	 0.0000 	 0.0000 	 3.5499 	 1.9839 	 2.1877
 	 4.0000 	 0.0000 	 0.0000 	 3.8870 	 102.5499 	 3.3289
 	 4.0000 	 4.0000 	 4.0000 	 4.0000 	 4.0000 	 3.9580
 	 0.0000 	 0.0000 	 0.0000 	 0.0000 	 0.0000 	 0.0000
 	 0.0000 	 0.0000 	 0.0000 	 0.0000 	 0.0000 	 0.0000
 Iteration : 5
 	 0.0000 	 0.0000 	 0.0000 	 0.0000 	 0.0000 	 0.0000
 	 0.0000 	 0.0000 	 0.0000 	 0.0000 	 0.0000 	 0.0000
 	 5.9894 	 5.8898 	 5.3839 	 3.8073 	 2.4004 	 0.0000
 	 5.9999 	 0.0000 	 0.0000 	 4.0710 	 2.1602 	 2.4004
 	 5.9999 	 0.0000 	 0.0000 	 4.7898 	 103.0711 	 3.8073
 	 5.9999 	 5.9999 	 5.9928 	 5.8478 	 5.9302 	 5.5074
 	 0.0000 	 0.0000 	 0.0000 	 0.0000 	 0.0000 	 0.0000
 	 0.0000 	 0.0000 	 0.0000 	 0.0000 	 0.0000 	 0.0000
 Iteration : 7
 	 0.0000 	 0.0000 	 0.0000 	 0.0000 	 0.0000 	 0.0000
 	 0.0000 	 0.0000 	 0.0000 	 0.0000 	 0.0000 	 0.0000
 	 7.7881 	 7.1628 	 5.8611 	 3.9812 	 2.4779 	 0.0000
 	 7.9828 	 0.0000 	 0.0000 	 4.2605 	 2.2244 	 2.4779
 	 7.9985 	 0.0000 	 0.0000 	 5.1216 	 103.2605 	 3.9812
 	 7.9980 	 7.9764 	 7.8154 	 7.2980 	 7.0711 	 6.5407
 	 0.0000 	 0.0000 	 0.0000 	 0.0000 	 0.0000 	 0.0000
 	 0.0000 	 0.0000 	 0.0000 	 0.0000 	 0.0000 	 0.0000
 Iteration : 9
 	 0.0000 	 0.0000 	 0.0000 	 0.0000 	 0.0000 	 0.0000
 	 0.0000 	 0.0000 	 0.0000 	 0.0000 	 0.0000 	 0.0000
 	 8.9936 	 7.7369 	 6.0223 	 4.0445 	 2.5062 	 0.0000
 	 9.8194 	 0.0000 	 0.0000 	 4.3295 	 2.2478 	 2.5062
 	 9.9623 	 0.0000 	 0.0000 	 5.2426 	 103.3295 	 4.0445
 	 9.9414 	 9.6477 	 8.7455 	 8.3407 	 7.7332 	 7.1807
 	 0.0000 	 0.0000 	 0.0000 	 0.0000 	 0.0000 	 0.0000
 	 0.0000 	 0.0000 	 0.0000 	 0.0000 	 0.0000 	 0.0000
 Iteration : 11
 	 0.0000 	 0.0000 	 0.0000 	 0.0000 	 0.0000 	 0.0000
 	 0.0000 	 0.0000 	 0.0000 	 0.0000 	 0.0000 	 0.0000
 	 9.6223 	 7.9690 	 6.0802 	 4.0675 	 2.5164 	 0.0000
 	 11.1215 	 0.0000 	 0.0000 	 4.3546 	 2.2563 	 2.5164
 	 11.7517 	 0.0000 	 0.0000 	 5.2866 	 103.3546 	 4.0675
 	 11.4954 	 10.5875 	 9.1378 	 8.8957 	 8.1216 	 7.5621
 	 0.0000 	 0.0000 	 0.0000 	 0.0000 	 0.0000 	 0.0000
 	 0.0000 	 0.0000 	 0.0000 	 0.0000 	 0.0000 	 0.0000
 Iteration : 13
 	 0.0000 	 0.0000 	 0.0000 	 0.0000 	 0.0000 	 0.0000
 	 0.0000 	 0.0000 	 0.0000 	 0.0000 	 0.0000 	 0.0000
 	 9.9100 	 8.0589 	 6.1013 	 4.0759 	 2.5202 	 0.0000
 	 11.5870 	 0.0000 	 0.0000 	 4.3638 	 2.2594 	 2.5202
 	 12.9226 	 0.0000 	 0.0000 	 5.3027 	 103.3638 	 4.0759
 	 12.4519 	 11.0545 	 9.3203 	 9.1627 	 8.3465 	 7.7845
 	 0.0000 	 0.0000 	 0.0000 	 0.0000 	 0.0000 	 0.0000
 	 0.0000 	 0.0000 	 0.0000 	 0.0000 	 0.0000 	 0.0000
 Iteration : 15
 	 0.0000 	 0.0000 	 0.0000 	 0.0000 	 0.0000 	 0.0000
 	 0.0000 	 0.0000 	 0.0000 	 0.0000 	 0.0000 	 0.0000
 	 10.0321 	 8.0930 	 6.1089 	 4.0790 	 2.5216 	 0.0000
 	 11.7740 	 0.0000 	 0.0000 	 4.3671 	 2.2605 	 2.5216
 	 13.4777 	 0.0000 	 0.0000 	 5.3085 	 103.3671 	 4.0790
 	 12.9701 	 11.2787 	 9.4038 	 9.2876 	 8.4753 	 7.9124
 	 0.0000 	 0.0000 	 0.0000 	 0.0000 	 0.0000 	 0.0000
 	 0.0000 	 0.0000 	 0.0000 	 0.0000 	 0.0000 	 0.0000
 Iteration : 17
 	 0.0000 	 0.0000 	 0.0000 	 0.0000 	 0.0000 	 0.0000
 	 0.0000 	 0.0000 	 0.0000 	 0.0000 	 0.0000 	 0.0000
 	 10.0816 	 8.1057 	 6.1117 	 4.0801 	 2.5220 	 0.0000
 	 11.8504 	 0.0000 	 0.0000 	 4.3683 	 2.2609 	 2.5220
 	 13.7231 	 0.0000 	 0.0000 	 5.3106 	 103.3684 	 4.0801
 	 13.2326 	 11.3837 	 9.4416 	 9.3449 	 8.5486 	 7.9854
 	 0.0000 	 0.0000 	 0.0000 	 0.0000 	 0.0000 	 0.0000
 	 0.0000 	 0.0000 	 0.0000 	 0.0000 	 0.0000 	 0.0000
 Iteration : 19
 	 0.0000 	 0.0000 	 0.0000 	 0.0000 	 0.0000 	 0.0000
 	 0.0000 	 0.0000 	 0.0000 	 0.0000 	 0.0000 	 0.0000
 	 10.1010 	 8.1105 	 6.1127 	 4.0805 	 2.5222 	 0.0000
 	 11.8808 	 0.0000 	 0.0000 	 4.3688 	 2.2611 	 2.5222
 	 13.8277 	 0.0000 	 0.0000 	 5.3114 	 103.3688 	 4.0805
 	 13.3602 	 11.4320 	 9.4585 	 9.3709 	 8.5901 	 8.0269
 	 0.0000 	 0.0000 	 0.0000 	 0.0000 	 0.0000 	 0.0000
 	 0.0000 	 0.0000 	 0.0000 	 0.0000 	 0.0000 	 0.0000
 Iteration : 21
 	 0.0000 	 0.0000 	 0.0000 	 0.0000 	 0.0000 	 0.0000
 	 0.0000 	 0.0000 	 0.0000 	 0.0000 	 0.0000 	 0.0000
 	 10.1085 	 8.1122 	 6.1131 	 4.0807 	 2.5223 	 0.0000
 	 11.8926 	 0.0000 	 0.0000 	 4.3689 	 2.2611 	 2.5223
 	 13.8710 	 0.0000 	 0.0000 	 5.3117 	 103.3690 	 4.0807
 	 13.4205 	 11.4540 	 9.4660 	 9.3825 	 8.6136 	 8.0503
 	 0.0000 	 0.0000 	 0.0000 	 0.0000 	 0.0000 	 0.0000
 	 0.0000 	 0.0000 	 0.0000 	 0.0000 	 0.0000 	 0.0000
 Iteration : 23
 	 0.0000 	 0.0000 	 0.0000 	 0.0000 	 0.0000 	 0.0000
 	 0.0000 	 0.0000 	 0.0000 	 0.0000 	 0.0000 	 0.0000
 	 10.1114 	 8.1128 	 6.1132 	 4.0807 	 2.5223 	 0.0000
 	 11.8971 	 0.0000 	 0.0000 	 4.3690 	 2.2612 	 2.5223
 	 13.8884 	 0.0000 	 0.0000 	 5.3118 	 103.3690 	 4.0807
 	 13.4484 	 11.4638 	 9.4693 	 9.3877 	 8.6269 	 8.0635
 	 0.0000 	 0.0000 	 0.0000 	 0.0000 	 0.0000 	 0.0000
 	 0.0000 	 0.0000 	 0.0000 	 0.0000 	 0.0000 	 0.0000
 Iteration : 25
 	 0.0000 	 0.0000 	 0.0000 	 0.0000 	 0.0000 	 0.0000
 	 0.0000 	 0.0000 	 0.0000 	 0.0000 	 0.0000 	 0.0000
 	 10.1124 	 8.1131 	 6.1133 	 4.0807 	 2.5223 	 0.0000
 	 11.8988 	 0.0000 	 0.0000 	 4.3690 	 2.2612 	 2.5223
 	 13.8953 	 0.0000 	 0.0000 	 5.3118 	 103.3690 	 4.0807
 	 13.4611 	 11.4682 	 9.4707 	 9.3899 	 8.6343 	 8.0710
 	 0.0000 	 0.0000 	 0.0000 	 0.0000 	 0.0000 	 0.0000
 	 0.0000 	 0.0000 	 0.0000 	 0.0000 	 0.0000 	 0.0000
 Iteration : 27
 	 0.0000 	 0.0000 	 0.0000 	 0.0000 	 0.0000 	 0.0000
 	 0.0000 	 0.0000 	 0.0000 	 0.0000 	 0.0000 	 0.0000
 	 10.1128 	 8.1132 	 6.1133 	 4.0807 	 2.5223 	 0.0000
 	 11.8994 	 0.0000 	 0.0000 	 4.3690 	 2.2612 	 2.5223
 	 13.8979 	 0.0000 	 0.0000 	 5.3119 	 103.3690 	 4.0807
 	 13.4669 	 11.4701 	 9.4714 	 9.3909 	 8.6386 	 8.0752
 	 0.0000 	 0.0000 	 0.0000 	 0.0000 	 0.0000 	 0.0000
 	 0.0000 	 0.0000 	 0.0000 	 0.0000 	 0.0000 	 0.0000
 Iteration : 29
 	 0.0000 	 0.0000 	 0.0000 	 0.0000 	 0.0000 	 0.0000
 	 0.0000 	 0.0000 	 0.0000 	 0.0000 	 0.0000 	 0.0000
 	 10.1130 	 8.1132 	 6.1133 	 4.0808 	 2.5223 	 0.0000
 	 11.8996 	 0.0000 	 0.0000 	 4.3690 	 2.2612 	 2.5223
 	 13.8990 	 0.0000 	 0.0000 	 5.3119 	 103.3690 	 4.0808
 	 13.4694 	 11.4710 	 9.4716 	 9.3914 	 8.6409 	 8.0776
 	 0.0000 	 0.0000 	 0.0000 	 0.0000 	 0.0000 	 0.0000
 	 0.0000 	 0.0000 	 0.0000 	 0.0000 	 0.0000 	 0.0000
 Iteration : 31
 	 0.0000 	 0.0000 	 0.0000 	 0.0000 	 0.0000 	 0.0000
 	 0.0000 	 0.0000 	 0.0000 	 0.0000 	 0.0000 	 0.0000
 	 10.1130 	 8.1132 	 6.1133 	 4.0808 	 2.5223 	 0.0000
 	 11.8997 	 0.0000 	 0.0000 	 4.3690 	 2.2612 	 2.5223
 	 13.8993 	 0.0000 	 0.0000 	 5.3119 	 103.3690 	 4.0808
 	 13.4706 	 11.4714 	 9.4717 	 9.3916 	 8.6423 	 8.0789
 	 0.0000 	 0.0000 	 0.0000 	 0.0000 	 0.0000 	 0.0000
 	 0.0000 	 0.0000 	 0.0000 	 0.0000 	 0.0000 	 0.0000
 Iteration : 33
 	 0.0000 	 0.0000 	 0.0000 	 0.0000 	 0.0000 	 0.0000
 	 0.0000 	 0.0000 	 0.0000 	 0.0000 	 0.0000 	 0.0000
 	 10.1130 	 8.1132 	 6.1133 	 4.0808 	 2.5223 	 0.0000
 	 11.8998 	 0.0000 	 0.0000 	 4.3690 	 2.2612 	 2.5223
 	 13.8995 	 0.0000 	 0.0000 	 5.3119 	 103.3690 	 4.0808
 	 13.4711 	 11.4715 	 9.4718 	 9.3916 	 8.6430 	 8.0797
 	 0.0000 	 0.0000 	 0.0000 	 0.0000 	 0.0000 	 0.0000
 	 0.0000 	 0.0000 	 0.0000 	 0.0000 	 0.0000 	 0.0000
 Iteration : 35
 	 0.0000 	 0.0000 	 0.0000 	 0.0000 	 0.0000 	 0.0000
 	 0.0000 	 0.0000 	 0.0000 	 0.0000 	 0.0000 	 0.0000
 	 10.1130 	 8.1132 	 6.1133 	 4.0808 	 2.5223 	 0.0000
 	 11.8998 	 0.0000 	 0.0000 	 4.3690 	 2.2612 	 2.5223
 	 13.8995 	 0.0000 	 0.0000 	 5.3119 	 103.3690 	 4.0808
 	 13.4713 	 11.4716 	 9.4718 	 9.3917 	 8.6434 	 8.0801
 	 0.0000 	 0.0000 	 0.0000 	 0.0000 	 0.0000 	 0.0000
 	 0.0000 	 0.0000 	 0.0000 	 0.0000 	 0.0000 	 0.0000
 Iteration : 37
 	 0.0000 	 0.0000 	 0.0000 	 0.0000 	 0.0000 	 0.0000
 	 0.0000 	 0.0000 	 0.0000 	 0.0000 	 0.0000 	 0.0000
 	 10.1130 	 8.1132 	 6.1133 	 4.0808 	 2.5223 	 0.0000
 	 11.8998 	 0.0000 	 0.0000 	 4.3690 	 2.2612 	 2.5223
 	 13.8996 	 0.0000 	 0.0000 	 5.3119 	 103.3690 	 4.0808
 	 13.4714 	 11.4716 	 9.4718 	 9.3917 	 8.6437 	 8.0803
 	 0.0000 	 0.0000 	 0.0000 	 0.0000 	 0.0000 	 0.0000
 	 0.0000 	 0.0000 	 0.0000 	 0.0000 	 0.0000 	 0.0000
 Iteration : 39
 	 0.0000 	 0.0000 	 0.0000 	 0.0000 	 0.0000 	 0.0000
 	 0.0000 	 0.0000 	 0.0000 	 0.0000 	 0.0000 	 0.0000
 	 10.1130 	 8.1132 	 6.1133 	 4.0808 	 2.5223 	 0.0000
 	 11.8998 	 0.0000 	 0.0000 	 4.3690 	 2.2612 	 2.5223
 	 13.8996 	 0.0000 	 0.0000 	 5.3119 	 103.3690 	 4.0808
 	 13.4714 	 11.4717 	 9.4718 	 9.3917 	 8.6438 	 8.0805
 	 0.0000 	 0.0000 	 0.0000 	 0.0000 	 0.0000 	 0.0000
 	 0.0000 	 0.0000 	 0.0000 	 0.0000 	 0.0000 	 0.0000
 Iteration : 41
 	 0.0000 	 0.0000 	 0.0000 	 0.0000 	 0.0000 	 0.0000
 	 0.0000 	 0.0000 	 0.0000 	 0.0000 	 0.0000 	 0.0000
 	 10.1130 	 8.1132 	 6.1133 	 4.0808 	 2.5223 	 0.0000
 	 11.8998 	 0.0000 	 0.0000 	 4.3690 	 2.2612 	 2.5223
 	 13.8996 	 0.0000 	 0.0000 	 5.3119 	 103.3690 	 4.0808
 	 13.4714 	 11.4717 	 9.4718 	 9.3917 	 8.6439 	 8.0805
 	 0.0000 	 0.0000 	 0.0000 	 0.0000 	 0.0000 	 0.0000
 	 0.0000 	 0.0000 	 0.0000 	 0.0000 	 0.0000 	 0.0000
 Iteration : 43
 	 0.0000 	 0.0000 	 0.0000 	 0.0000 	 0.0000 	 0.0000
 	 0.0000 	 0.0000 	 0.0000 	 0.0000 	 0.0000 	 0.0000
 	 10.1130 	 8.1132 	 6.1133 	 4.0808 	 2.5223 	 0.0000
 	 11.8998 	 0.0000 	 0.0000 	 4.3690 	 2.2612 	 2.5223
 	 13.8996 	 0.0000 	 0.0000 	 5.3119 	 103.3690 	 4.0808
 	 13.4715 	 11.4717 	 9.4718 	 9.3917 	 8.6439 	 8.0806
 	 0.0000 	 0.0000 	 0.0000 	 0.0000 	 0.0000 	 0.0000
 	 0.0000 	 0.0000 	 0.0000 	 0.0000 	 0.0000 	 0.0000
 Iteration : 45
 	 0.0000 	 0.0000 	 0.0000 	 0.0000 	 0.0000 	 0.0000
 	 0.0000 	 0.0000 	 0.0000 	 0.0000 	 0.0000 	 0.0000
 	 10.1130 	 8.1132 	 6.1133 	 4.0808 	 2.5223 	 0.0000
 	 11.8998 	 0.0000 	 0.0000 	 4.3690 	 2.2612 	 2.5223
 	 13.8996 	 0.0000 	 0.0000 	 5.3119 	 103.3690 	 4.0808
 	 13.4715 	 11.4717 	 9.4718 	 9.3917 	 8.6439 	 8.0806
 	 0.0000 	 0.0000 	 0.0000 	 0.0000 	 0.0000 	 0.0000
 	 0.0000 	 0.0000 	 0.0000 	 0.0000 	 0.0000 	 0.0000
 Iteration : 47
 	 0.0000 	 0.0000 	 0.0000 	 0.0000 	 0.0000 	 0.0000
 	 0.0000 	 0.0000 	 0.0000 	 0.0000 	 0.0000 	 0.0000
 	 10.1130 	 8.1132 	 6.1133 	 4.0808 	 2.5223 	 0.0000
 	 11.8998 	 0.0000 	 0.0000 	 4.3690 	 2.2612 	 2.5223
 	 13.8996 	 0.0000 	 0.0000 	 5.3119 	 103.3690 	 4.0808
 	 13.4715 	 11.4717 	 9.4718 	 9.3917 	 8.6440 	 8.0806
 	 0.0000 	 0.0000 	 0.0000 	 0.0000 	 0.0000 	 0.0000
 	 0.0000 	 0.0000 	 0.0000 	 0.0000 	 0.0000 	 0.0000
 Iteration : 49
 	 0.0000 	 0.0000 	 0.0000 	 0.0000 	 0.0000 	 0.0000
 	 0.0000 	 0.0000 	 0.0000 	 0.0000 	 0.0000 	 0.0000
 	 10.1130 	 8.1132 	 6.1133 	 4.0808 	 2.5223 	 0.0000
 	 11.8998 	 0.0000 	 0.0000 	 4.3690 	 2.2612 	 2.5223
 	 13.8996 	 0.0000 	 0.0000 	 5.3119 	 103.3690 	 4.0808
 	 13.4715 	 11.4717 	 9.4718 	 9.3917 	 8.6440 	 8.0806
 	 0.0000 	 0.0000 	 0.0000 	 0.0000 	 0.0000 	 0.0000
 	 0.0000 	 0.0000 	 0.0000 	 0.0000 	 0.0000 	 0.0000
 Iteration : 51
 	 0.0000 	 0.0000 	 0.0000 	 0.0000 	 0.0000 	 0.0000
 	 0.0000 	 0.0000 	 0.0000 	 0.0000 	 0.0000 	 0.0000
 	 10.1130 	 8.1132 	 6.1133 	 4.0808 	 2.5223 	 0.0000
 	 11.8998 	 0.0000 	 0.0000 	 4.3690 	 2.2612 	 2.5223
 	 13.8996 	 0.0000 	 0.0000 	 5.3119 	 103.3690 	 4.0808
 	 13.4715 	 11.4717 	 9.4718 	 9.3917 	 8.6440 	 8.0806
 	 0.0000 	 0.0000 	 0.0000 	 0.0000 	 0.0000 	 0.0000
 	 0.0000 	 0.0000 	 0.0000 	 0.0000 	 0.0000 	 0.0000
 Iteration : 53
 	 0.0000 	 0.0000 	 0.0000 	 0.0000 	 0.0000 	 0.0000
 	 0.0000 	 0.0000 	 0.0000 	 0.0000 	 0.0000 	 0.0000
 	 10.1130 	 8.1132 	 6.1133 	 4.0808 	 2.5223 	 0.0000
 	 11.8998 	 0.0000 	 0.0000 	 4.3690 	 2.2612 	 2.5223
 	 13.8996 	 0.0000 	 0.0000 	 5.3119 	 103.3690 	 4.0808
 	 13.4715 	 11.4717 	 9.4718 	 9.3917 	 8.6440 	 8.0806
 	 0.0000 	 0.0000 	 0.0000 	 0.0000 	 0.0000 	 0.0000
 	 0.0000 	 0.0000 	 0.0000 	 0.0000 	 0.0000 	 0.0000
 Iteration : 55
 	 0.0000 	 0.0000 	 0.0000 	 0.0000 	 0.0000 	 0.0000
 	 0.0000 	 0.0000 	 0.0000 	 0.0000 	 0.0000 	 0.0000
 	 10.1130 	 8.1132 	 6.1133 	 4.0808 	 2.5223 	 0.0000
 	 11.8998 	 0.0000 	 0.0000 	 4.3690 	 2.2612 	 2.5223
 	 13.8996 	 0.0000 	 0.0000 	 5.3119 	 103.3690 	 4.0808
 	 13.4715 	 11.4717 	 9.4718 	 9.3917 	 8.6440 	 8.0806
 	 0.0000 	 0.0000 	 0.0000 	 0.0000 	 0.0000 	 0.0000
 	 0.0000 	 0.0000 	 0.0000 	 0.0000 	 0.0000 	 0.0000
 Iteration : 57
 	 0.0000 	 0.0000 	 0.0000 	 0.0000 	 0.0000 	 0.0000
 	 0.0000 	 0.0000 	 0.0000 	 0.0000 	 0.0000 	 0.0000
 	 10.1130 	 8.1132 	 6.1133 	 4.0808 	 2.5223 	 0.0000
 	 11.8998 	 0.0000 	 0.0000 	 4.3690 	 2.2612 	 2.5223
 	 13.8996 	 0.0000 	 0.0000 	 5.3119 	 103.3690 	 4.0808
 	 13.4715 	 11.4717 	 9.4718 	 9.3917 	 8.6440 	 8.0806
 	 0.0000 	 0.0000 	 0.0000 	 0.0000 	 0.0000 	 0.0000
 	 0.0000 	 0.0000 	 0.0000 	 0.0000 	 0.0000 	 0.0000
 Iteration : 59
 	 0.0000 	 0.0000 	 0.0000 	 0.0000 	 0.0000 	 0.0000
 	 0.0000 	 0.0000 	 0.0000 	 0.0000 	 0.0000 	 0.0000
 	 10.1130 	 8.1132 	 6.1133 	 4.0808 	 2.5223 	 0.0000
 	 11.8998 	 0.0000 	 0.0000 	 4.3690 	 2.2612 	 2.5223
 	 13.8996 	 0.0000 	 0.0000 	 5.3119 	 103.3690 	 4.0808
 	 13.4715 	 11.4717 	 9.4718 	 9.3917 	 8.6440 	 8.0806
 	 0.0000 	 0.0000 	 0.0000 	 0.0000 	 0.0000 	 0.0000
 	 0.0000 	 0.0000 	 0.0000 	 0.0000 	 0.0000 	 0.0000
 Iteration : 61
 	 0.0000 	 0.0000 	 0.0000 	 0.0000 	 0.0000 	 0.0000
 	 0.0000 	 0.0000 	 0.0000 	 0.0000 	 0.0000 	 0.0000
 	 10.1130 	 8.1132 	 6.1133 	 4.0808 	 2.5223 	 0.0000
 	 11.8998 	 0.0000 	 0.0000 	 4.3690 	 2.2612 	 2.5223
 	 13.8996 	 0.0000 	 0.0000 	 5.3119 	 103.3690 	 4.0808
 	 13.4715 	 11.4717 	 9.4718 	 9.3917 	 8.6440 	 8.0806
 	 0.0000 	 0.0000 	 0.0000 	 0.0000 	 0.0000 	 0.0000
 	 0.0000 	 0.0000 	 0.0000 	 0.0000 	 0.0000 	 0.0000
 Iteration : 63
 	 0.0000 	 0.0000 	 0.0000 	 0.0000 	 0.0000 	 0.0000
 	 0.0000 	 0.0000 	 0.0000 	 0.0000 	 0.0000 	 0.0000
 	 10.1130 	 8.1132 	 6.1133 	 4.0808 	 2.5223 	 0.0000
 	 11.8998 	 0.0000 	 0.0000 	 4.3690 	 2.2612 	 2.5223
 	 13.8996 	 0.0000 	 0.0000 	 5.3119 	 103.3690 	 4.0808
 	 13.4715 	 11.4717 	 9.4718 	 9.3917 	 8.6440 	 8.0806
 	 0.0000 	 0.0000 	 0.0000 	 0.0000 	 0.0000 	 0.0000
 	 0.0000 	 0.0000 	 0.0000 	 0.0000 	 0.0000 	 0.0000
 Iteration : 65
 	 0.0000 	 0.0000 	 0.0000 	 0.0000 	 0.0000 	 0.0000
 	 0.0000 	 0.0000 	 0.0000 	 0.0000 	 0.0000 	 0.0000
 	 10.1130 	 8.1132 	 6.1133 	 4.0808 	 2.5223 	 0.0000
 	 11.8998 	 0.0000 	 0.0000 	 4.3690 	 2.2612 	 2.5223
 	 13.8996 	 0.0000 	 0.0000 	 5.3119 	 103.3690 	 4.0808
 	 13.4715 	 11.4717 	 9.4718 	 9.3917 	 8.6440 	 8.0806
 	 0.0000 	 0.0000 	 0.0000 	 0.0000 	 0.0000 	 0.0000
 	 0.0000 	 0.0000 	 0.0000 	 0.0000 	 0.0000 	 0.0000
 Iteration : 67
 	 0.0000 	 0.0000 	 0.0000 	 0.0000 	 0.0000 	 0.0000
 	 0.0000 	 0.0000 	 0.0000 	 0.0000 	 0.0000 	 0.0000
 	 10.1130 	 8.1132 	 6.1133 	 4.0808 	 2.5223 	 0.0000
 	 11.8998 	 0.0000 	 0.0000 	 4.3690 	 2.2612 	 2.5223
 	 13.8996 	 0.0000 	 0.0000 	 5.3119 	 103.3690 	 4.0808
 	 13.4715 	 11.4717 	 9.4718 	 9.3917 	 8.6440 	 8.0806
 	 0.0000 	 0.0000 	 0.0000 	 0.0000 	 0.0000 	 0.0000
 	 0.0000 	 0.0000 	 0.0000 	 0.0000 	 0.0000 	 0.0000
 Iteration : 69
 	 0.0000 	 0.0000 	 0.0000 	 0.0000 	 0.0000 	 0.0000
 	 0.0000 	 0.0000 	 0.0000 	 0.0000 	 0.0000 	 0.0000
 	 10.1130 	 8.1132 	 6.1133 	 4.0808 	 2.5223 	 0.0000
 	 11.8998 	 0.0000 	 0.0000 	 4.3690 	 2.2612 	 2.5223
 	 13.8996 	 0.0000 	 0.0000 	 5.3119 	 103.3690 	 4.0808
 	 13.4715 	 11.4717 	 9.4718 	 9.3917 	 8.6440 	 8.0806
 	 0.0000 	 0.0000 	 0.0000 	 0.0000 	 0.0000 	 0.0000
 	 0.0000 	 0.0000 	 0.0000 	 0.0000 	 0.0000 	 0.0000
 Iteration : 71
 	 0.0000 	 0.0000 	 0.0000 	 0.0000 	 0.0000 	 0.0000
 	 0.0000 	 0.0000 	 0.0000 	 0.0000 	 0.0000 	 0.0000
 	 10.1130 	 8.1132 	 6.1133 	 4.0808 	 2.5223 	 0.0000
 	 11.8998 	 0.0000 	 0.0000 	 4.3690 	 2.2612 	 2.5223
 	 13.8996 	 0.0000 	 0.0000 	 5.3119 	 103.3690 	 4.0808
 	 13.4715 	 11.4717 	 9.4718 	 9.3917 	 8.6440 	 8.0806
 	 0.0000 	 0.0000 	 0.0000 	 0.0000 	 0.0000 	 0.0000
 	 0.0000 	 0.0000 	 0.0000 	 0.0000 	 0.0000 	 0.0000
 Iteration : 73
 	 0.0000 	 0.0000 	 0.0000 	 0.0000 	 0.0000 	 0.0000
 	 0.0000 	 0.0000 	 0.0000 	 0.0000 	 0.0000 	 0.0000
 	 10.1130 	 8.1132 	 6.1133 	 4.0808 	 2.5223 	 0.0000
 	 11.8998 	 0.0000 	 0.0000 	 4.3690 	 2.2612 	 2.5223
 	 13.8996 	 0.0000 	 0.0000 	 5.3119 	 103.3690 	 4.0808
 	 13.4715 	 11.4717 	 9.4718 	 9.3917 	 8.6440 	 8.0806
 	 0.0000 	 0.0000 	 0.0000 	 0.0000 	 0.0000 	 0.0000
 	 0.0000 	 0.0000 	 0.0000 	 0.0000 	 0.0000 	 0.0000
 Iteration : 75
 	 0.0000 	 0.0000 	 0.0000 	 0.0000 	 0.0000 	 0.0000
 	 0.0000 	 0.0000 	 0.0000 	 0.0000 	 0.0000 	 0.0000
 	 10.1130 	 8.1132 	 6.1133 	 4.0808 	 2.5223 	 0.0000
 	 11.8998 	 0.0000 	 0.0000 	 4.3690 	 2.2612 	 2.5223
 	 13.8996 	 0.0000 	 0.0000 	 5.3119 	 103.3690 	 4.0808
 	 13.4715 	 11.4717 	 9.4718 	 9.3917 	 8.6440 	 8.0806
 	 0.0000 	 0.0000 	 0.0000 	 0.0000 	 0.0000 	 0.0000
 	 0.0000 	 0.0000 	 0.0000 	 0.0000 	 0.0000 	 0.0000
 Iteration : 77
 	 0.0000 	 0.0000 	 0.0000 	 0.0000 	 0.0000 	 0.0000
 	 0.0000 	 0.0000 	 0.0000 	 0.0000 	 0.0000 	 0.0000
 	 10.1130 	 8.1132 	 6.1133 	 4.0808 	 2.5223 	 0.0000
 	 11.8998 	 0.0000 	 0.0000 	 4.3690 	 2.2612 	 2.5223
 	 13.8996 	 0.0000 	 0.0000 	 5.3119 	 103.3690 	 4.0808
 	 13.4715 	 11.4717 	 9.4718 	 9.3917 	 8.6440 	 8.0806
 	 0.0000 	 0.0000 	 0.0000 	 0.0000 	 0.0000 	 0.0000
 	 0.0000 	 0.0000 	 0.0000 	 0.0000 	 0.0000 	 0.0000
 Iteration : 79
 	 0.0000 	 0.0000 	 0.0000 	 0.0000 	 0.0000 	 0.0000
 	 0.0000 	 0.0000 	 0.0000 	 0.0000 	 0.0000 	 0.0000
 	 10.1130 	 8.1132 	 6.1133 	 4.0808 	 2.5223 	 0.0000
 	 11.8998 	 0.0000 	 0.0000 	 4.3690 	 2.2612 	 2.5223
 	 13.8996 	 0.0000 	 0.0000 	 5.3119 	 103.3690 	 4.0808
 	 13.4715 	 11.4717 	 9.4718 	 9.3917 	 8.6440 	 8.0806
 	 0.0000 	 0.0000 	 0.0000 	 0.0000 	 0.0000 	 0.0000
 	 0.0000 	 0.0000 	 0.0000 	 0.0000 	 0.0000 	 0.0000
 Iteration : 81
 	 0.0000 	 0.0000 	 0.0000 	 0.0000 	 0.0000 	 0.0000
 	 0.0000 	 0.0000 	 0.0000 	 0.0000 	 0.0000 	 0.0000
 	 10.1130 	 8.1132 	 6.1133 	 4.0808 	 2.5223 	 0.0000
 	 11.8998 	 0.0000 	 0.0000 	 4.3690 	 2.2612 	 2.5223
 	 13.8996 	 0.0000 	 0.0000 	 5.3119 	 103.3690 	 4.0808
 	 13.4715 	 11.4717 	 9.4718 	 9.3917 	 8.6440 	 8.0806
 	 0.0000 	 0.0000 	 0.0000 	 0.0000 	 0.0000 	 0.0000
 	 0.0000 	 0.0000 	 0.0000 	 0.0000 	 0.0000 	 0.0000
 Iteration : 83
 	 0.0000 	 0.0000 	 0.0000 	 0.0000 	 0.0000 	 0.0000
 	 0.0000 	 0.0000 	 0.0000 	 0.0000 	 0.0000 	 0.0000
 	 10.1130 	 8.1132 	 6.1133 	 4.0808 	 2.5223 	 0.0000
 	 11.8998 	 0.0000 	 0.0000 	 4.3690 	 2.2612 	 2.5223
 	 13.8996 	 0.0000 	 0.0000 	 5.3119 	 103.3690 	 4.0808
 	 13.4715 	 11.4717 	 9.4718 	 9.3917 	 8.6440 	 8.0806
 	 0.0000 	 0.0000 	 0.0000 	 0.0000 	 0.0000 	 0.0000
 	 0.0000 	 0.0000 	 0.0000 	 0.0000 	 0.0000 	 0.0000
 Iteration : 85
 	 0.0000 	 0.0000 	 0.0000 	 0.0000 	 0.0000 	 0.0000
 	 0.0000 	 0.0000 	 0.0000 	 0.0000 	 0.0000 	 0.0000
 	 10.1130 	 8.1132 	 6.1133 	 4.0808 	 2.5223 	 0.0000
 	 11.8998 	 0.0000 	 0.0000 	 4.3690 	 2.2612 	 2.5223
 	 13.8996 	 0.0000 	 0.0000 	 5.3119 	 103.3690 	 4.0808
 	 13.4715 	 11.4717 	 9.4718 	 9.3917 	 8.6440 	 8.0806
 	 0.0000 	 0.0000 	 0.0000 	 0.0000 	 0.0000 	 0.0000
 	 0.0000 	 0.0000 	 0.0000 	 0.0000 	 0.0000 	 0.0000
 Iteration : 87
 	 0.0000 	 0.0000 	 0.0000 	 0.0000 	 0.0000 	 0.0000
 	 0.0000 	 0.0000 	 0.0000 	 0.0000 	 0.0000 	 0.0000
 	 10.1130 	 8.1132 	 6.1133 	 4.0808 	 2.5223 	 0.0000
 	 11.8998 	 0.0000 	 0.0000 	 4.3690 	 2.2612 	 2.5223
 	 13.8996 	 0.0000 	 0.0000 	 5.3119 	 103.3690 	 4.0808
 	 13.4715 	 11.4717 	 9.4718 	 9.3917 	 8.6440 	 8.0806
 	 0.0000 	 0.0000 	 0.0000 	 0.0000 	 0.0000 	 0.0000
 	 0.0000 	 0.0000 	 0.0000 	 0.0000 	 0.0000 	 0.0000
 Iteration : 89
 	 0.0000 	 0.0000 	 0.0000 	 0.0000 	 0.0000 	 0.0000
 	 0.0000 	 0.0000 	 0.0000 	 0.0000 	 0.0000 	 0.0000
 	 10.1130 	 8.1132 	 6.1133 	 4.0808 	 2.5223 	 0.0000
 	 11.8998 	 0.0000 	 0.0000 	 4.3690 	 2.2612 	 2.5223
 	 13.8996 	 0.0000 	 0.0000 	 5.3119 	 103.3690 	 4.0808
 	 13.4715 	 11.4717 	 9.4718 	 9.3917 	 8.6440 	 8.0806
 	 0.0000 	 0.0000 	 0.0000 	 0.0000 	 0.0000 	 0.0000
 	 0.0000 	 0.0000 	 0.0000 	 0.0000 	 0.0000 	 0.0000
 Iteration : 91
 	 0.0000 	 0.0000 	 0.0000 	 0.0000 	 0.0000 	 0.0000
 	 0.0000 	 0.0000 	 0.0000 	 0.0000 	 0.0000 	 0.0000
 	 10.1130 	 8.1132 	 6.1133 	 4.0808 	 2.5223 	 0.0000
 	 11.8998 	 0.0000 	 0.0000 	 4.3690 	 2.2612 	 2.5223
 	 13.8996 	 0.0000 	 0.0000 	 5.3119 	 103.3690 	 4.0808
 	 13.4715 	 11.4717 	 9.4718 	 9.3917 	 8.6440 	 8.0806
 	 0.0000 	 0.0000 	 0.0000 	 0.0000 	 0.0000 	 0.0000
 	 0.0000 	 0.0000 	 0.0000 	 0.0000 	 0.0000 	 0.0000
 Iteration : 93
 	 0.0000 	 0.0000 	 0.0000 	 0.0000 	 0.0000 	 0.0000
 	 0.0000 	 0.0000 	 0.0000 	 0.0000 	 0.0000 	 0.0000
 	 10.1130 	 8.1132 	 6.1133 	 4.0808 	 2.5223 	 0.0000
 	 11.8998 	 0.0000 	 0.0000 	 4.3690 	 2.2612 	 2.5223
 	 13.8996 	 0.0000 	 0.0000 	 5.3119 	 103.3690 	 4.0808
 	 13.4715 	 11.4717 	 9.4718 	 9.3917 	 8.6440 	 8.0806
 	 0.0000 	 0.0000 	 0.0000 	 0.0000 	 0.0000 	 0.0000
 	 0.0000 	 0.0000 	 0.0000 	 0.0000 	 0.0000 	 0.0000
 Iteration : 95
 	 0.0000 	 0.0000 	 0.0000 	 0.0000 	 0.0000 	 0.0000
 	 0.0000 	 0.0000 	 0.0000 	 0.0000 	 0.0000 	 0.0000
 	 10.1130 	 8.1132 	 6.1133 	 4.0808 	 2.5223 	 0.0000
 	 11.8998 	 0.0000 	 0.0000 	 4.3690 	 2.2612 	 2.5223
 	 13.8996 	 0.0000 	 0.0000 	 5.3119 	 103.3690 	 4.0808
 	 13.4715 	 11.4717 	 9.4718 	 9.3917 	 8.6440 	 8.0806
 	 0.0000 	 0.0000 	 0.0000 	 0.0000 	 0.0000 	 0.0000
 	 0.0000 	 0.0000 	 0.0000 	 0.0000 	 0.0000 	 0.0000
 Iteration : 97
 	 0.0000 	 0.0000 	 0.0000 	 0.0000 	 0.0000 	 0.0000
 	 0.0000 	 0.0000 	 0.0000 	 0.0000 	 0.0000 	 0.0000
 	 10.1130 	 8.1132 	 6.1133 	 4.0808 	 2.5223 	 0.0000
 	 11.8998 	 0.0000 	 0.0000 	 4.3690 	 2.2612 	 2.5223
 	 13.8996 	 0.0000 	 0.0000 	 5.3119 	 103.3690 	 4.0808
 	 13.4715 	 11.4717 	 9.4718 	 9.3917 	 8.6440 	 8.0806
 	 0.0000 	 0.0000 	 0.0000 	 0.0000 	 0.0000 	 0.0000
 	 0.0000 	 0.0000 	 0.0000 	 0.0000 	 0.0000 	 0.0000
 Iteration : 99
 	 0.0000 	 0.0000 	 0.0000 	 0.0000 	 0.0000 	 0.0000
 	 0.0000 	 0.0000 	 0.0000 	 0.0000 	 0.0000 	 0.0000
 	 10.1130 	 8.1132 	 6.1133 	 4.0808 	 2.5223 	 0.0000
 	 11.8998 	 0.0000 	 0.0000 	 4.3690 	 2.2612 	 2.5223
 	 13.8996 	 0.0000 	 0.0000 	 5.3119 	 103.3690 	 4.0808
 	 13.4715 	 11.4717 	 9.4718 	 9.3917 	 8.6440 	 8.0806
 	 0.0000 	 0.0000 	 0.0000 	 0.0000 	 0.0000 	 0.0000
 	 0.0000 	 0.0000 	 0.0000 	 0.0000 	 0.0000 	 0.0000
 Iteration : 101
 	 0.0000 	 0.0000 	 0.0000 	 0.0000 	 0.0000 	 0.0000
 	 0.0000 	 0.0000 	 0.0000 	 0.0000 	 0.0000 	 0.0000
 	 10.1130 	 8.1132 	 6.1133 	 4.0808 	 2.5223 	 0.0000
 	 11.8998 	 0.0000 	 0.0000 	 4.3690 	 2.2612 	 2.5223
 	 13.8996 	 0.0000 	 0.0000 	 5.3119 	 103.3690 	 4.0808
 	 13.4715 	 11.4717 	 9.4718 	 9.3917 	 8.6440 	 8.0806
 	 0.0000 	 0.0000 	 0.0000 	 0.0000 	 0.0000 	 0.0000
 	 0.0000 	 0.0000 	 0.0000 	 0.0000 	 0.0000 	 0.0000
 Iteration : 103
 	 0.0000 	 0.0000 	 0.0000 	 0.0000 	 0.0000 	 0.0000
 	 0.0000 	 0.0000 	 0.0000 	 0.0000 	 0.0000 	 0.0000
 	 10.1130 	 8.1132 	 6.1133 	 4.0808 	 2.5223 	 0.0000
 	 11.8998 	 0.0000 	 0.0000 	 4.3690 	 2.2612 	 2.5223
 	 13.8996 	 0.0000 	 0.0000 	 5.3119 	 103.3690 	 4.0808
 	 13.4715 	 11.4717 	 9.4718 	 9.3917 	 8.6440 	 8.0806
 	 0.0000 	 0.0000 	 0.0000 	 0.0000 	 0.0000 	 0.0000
 	 0.0000 	 0.0000 	 0.0000 	 0.0000 	 0.0000 	 0.0000
 Iteration : 105
 	 0.0000 	 0.0000 	 0.0000 	 0.0000 	 0.0000 	 0.0000
 	 0.0000 	 0.0000 	 0.0000 	 0.0000 	 0.0000 	 0.0000
 	 10.1130 	 8.1132 	 6.1133 	 4.0808 	 2.5223 	 0.0000
 	 11.8998 	 0.0000 	 0.0000 	 4.3690 	 2.2612 	 2.5223
 	 13.8996 	 0.0000 	 0.0000 	 5.3119 	 103.3690 	 4.0808
 	 13.4715 	 11.4717 	 9.4718 	 9.3917 	 8.6440 	 8.0806
 	 0.0000 	 0.0000 	 0.0000 	 0.0000 	 0.0000 	 0.0000
 	 0.0000 	 0.0000 	 0.0000 	 0.0000 	 0.0000 	 0.0000
 Iteration : 107
 	 0.0000 	 0.0000 	 0.0000 	 0.0000 	 0.0000 	 0.0000
 	 0.0000 	 0.0000 	 0.0000 	 0.0000 	 0.0000 	 0.0000
 	 10.1130 	 8.1132 	 6.1133 	 4.0808 	 2.5223 	 0.0000
 	 11.8998 	 0.0000 	 0.0000 	 4.3690 	 2.2612 	 2.5223
 	 13.8996 	 0.0000 	 0.0000 	 5.3119 	 103.3690 	 4.0808
 	 13.4715 	 11.4717 	 9.4718 	 9.3917 	 8.6440 	 8.0806
 	 0.0000 	 0.0000 	 0.0000 	 0.0000 	 0.0000 	 0.0000
 	 0.0000 	 0.0000 	 0.0000 	 0.0000 	 0.0000 	 0.0000
 Iteration : 109
 	 0.0000 	 0.0000 	 0.0000 	 0.0000 	 0.0000 	 0.0000
 	 0.0000 	 0.0000 	 0.0000 	 0.0000 	 0.0000 	 0.0000
 	 10.1130 	 8.1132 	 6.1133 	 4.0808 	 2.5223 	 0.0000
 	 11.8998 	 0.0000 	 0.0000 	 4.3690 	 2.2612 	 2.5223
 	 13.8996 	 0.0000 	 0.0000 	 5.3119 	 103.3690 	 4.0808
 	 13.4715 	 11.4717 	 9.4718 	 9.3917 	 8.6440 	 8.0806
 	 0.0000 	 0.0000 	 0.0000 	 0.0000 	 0.0000 	 0.0000
 	 0.0000 	 0.0000 	 0.0000 	 0.0000 	 0.0000 	 0.0000
 Iteration : 111
 	 0.0000 	 0.0000 	 0.0000 	 0.0000 	 0.0000 	 0.0000
 	 0.0000 	 0.0000 	 0.0000 	 0.0000 	 0.0000 	 0.0000
 	 10.1130 	 8.1132 	 6.1133 	 4.0808 	 2.5223 	 0.0000
 	 11.8998 	 0.0000 	 0.0000 	 4.3690 	 2.2612 	 2.5223
 	 13.8996 	 0.0000 	 0.0000 	 5.3119 	 103.3690 	 4.0808
 	 13.4715 	 11.4717 	 9.4718 	 9.3917 	 8.6440 	 8.0806
 	 0.0000 	 0.0000 	 0.0000 	 0.0000 	 0.0000 	 0.0000
 	 0.0000 	 0.0000 	 0.0000 	 0.0000 	 0.0000 	 0.0000
 Iteration : 113
 	 0.0000 	 0.0000 	 0.0000 	 0.0000 	 0.0000 	 0.0000
 	 0.0000 	 0.0000 	 0.0000 	 0.0000 	 0.0000 	 0.0000
 	 10.1130 	 8.1132 	 6.1133 	 4.0808 	 2.5223 	 0.0000
 	 11.8998 	 0.0000 	 0.0000 	 4.3690 	 2.2612 	 2.5223
 	 13.8996 	 0.0000 	 0.0000 	 5.3119 	 103.3690 	 4.0808
 	 13.4715 	 11.4717 	 9.4718 	 9.3917 	 8.6440 	 8.0806
 	 0.0000 	 0.0000 	 0.0000 	 0.0000 	 0.0000 	 0.0000
 	 0.0000 	 0.0000 	 0.0000 	 0.0000 	 0.0000 	 0.0000
 Iteration : 115
 	 0.0000 	 0.0000 	 0.0000 	 0.0000 	 0.0000 	 0.0000
 	 0.0000 	 0.0000 	 0.0000 	 0.0000 	 0.0000 	 0.0000
 	 10.1130 	 8.1132 	 6.1133 	 4.0808 	 2.5223 	 0.0000
 	 11.8998 	 0.0000 	 0.0000 	 4.3690 	 2.2612 	 2.5223
 	 13.8996 	 0.0000 	 0.0000 	 5.3119 	 103.3690 	 4.0808
 	 13.4715 	 11.4717 	 9.4718 	 9.3917 	 8.6440 	 8.0806
 	 0.0000 	 0.0000 	 0.0000 	 0.0000 	 0.0000 	 0.0000
 	 0.0000 	 0.0000 	 0.0000 	 0.0000 	 0.0000 	 0.0000
 Iteration : 117
 	 0.0000 	 0.0000 	 0.0000 	 0.0000 	 0.0000 	 0.0000
 	 0.0000 	 0.0000 	 0.0000 	 0.0000 	 0.0000 	 0.0000
 	 10.1130 	 8.1132 	 6.1133 	 4.0808 	 2.5223 	 0.0000
 	 11.8998 	 0.0000 	 0.0000 	 4.3690 	 2.2612 	 2.5223
 	 13.8996 	 0.0000 	 0.0000 	 5.3119 	 103.3690 	 4.0808
 	 13.4715 	 11.4717 	 9.4718 	 9.3917 	 8.6440 	 8.0806
 	 0.0000 	 0.0000 	 0.0000 	 0.0000 	 0.0000 	 0.0000
 	 0.0000 	 0.0000 	 0.0000 	 0.0000 	 0.0000 	 0.0000
 Iteration : 119
 	 0.0000 	 0.0000 	 0.0000 	 0.0000 	 0.0000 	 0.0000
 	 0.0000 	 0.0000 	 0.0000 	 0.0000 	 0.0000 	 0.0000
 	 10.1130 	 8.1132 	 6.1133 	 4.0808 	 2.5223 	 0.0000
 	 11.8998 	 0.0000 	 0.0000 	 4.3690 	 2.2612 	 2.5223
 	 13.8996 	 0.0000 	 0.0000 	 5.3119 	 103.3690 	 4.0808
 	 13.4715 	 11.4717 	 9.4718 	 9.3917 	 8.6440 	 8.0806
 	 0.0000 	 0.0000 	 0.0000 	 0.0000 	 0.0000 	 0.0000
 	 0.0000 	 0.0000 	 0.0000 	 0.0000 	 0.0000 	 0.0000
 Iteration : 121
 	 0.0000 	 0.0000 	 0.0000 	 0.0000 	 0.0000 	 0.0000
 	 0.0000 	 0.0000 	 0.0000 	 0.0000 	 0.0000 	 0.0000
 	 10.1130 	 8.1132 	 6.1133 	 4.0808 	 2.5223 	 0.0000
 	 11.8998 	 0.0000 	 0.0000 	 4.3690 	 2.2612 	 2.5223
 	 13.8996 	 0.0000 	 0.0000 	 5.3119 	 103.3690 	 4.0808
 	 13.4715 	 11.4717 	 9.4718 	 9.3917 	 8.6440 	 8.0806
 	 0.0000 	 0.0000 	 0.0000 	 0.0000 	 0.0000 	 0.0000
 	 0.0000 	 0.0000 	 0.0000 	 0.0000 	 0.0000 	 0.0000
 Iteration : 123
 	 0.0000 	 0.0000 	 0.0000 	 0.0000 	 0.0000 	 0.0000
 	 0.0000 	 0.0000 	 0.0000 	 0.0000 	 0.0000 	 0.0000
 	 10.1130 	 8.1132 	 6.1133 	 4.0808 	 2.5223 	 0.0000
 	 11.8998 	 0.0000 	 0.0000 	 4.3690 	 2.2612 	 2.5223
 	 13.8996 	 0.0000 	 0.0000 	 5.3119 	 103.3690 	 4.0808
 	 13.4715 	 11.4717 	 9.4718 	 9.3917 	 8.6440 	 8.0806
 	 0.0000 	 0.0000 	 0.0000 	 0.0000 	 0.0000 	 0.0000
 	 0.0000 	 0.0000 	 0.0000 	 0.0000 	 0.0000 	 0.0000
 Iteration : 125
 	 0.0000 	 0.0000 	 0.0000 	 0.0000 	 0.0000 	 0.0000
 	 0.0000 	 0.0000 	 0.0000 	 0.0000 	 0.0000 	 0.0000
 	 10.1130 	 8.1132 	 6.1133 	 4.0808 	 2.5223 	 0.0000
 	 11.8998 	 0.0000 	 0.0000 	 4.3690 	 2.2612 	 2.5223
 	 13.8996 	 0.0000 	 0.0000 	 5.3119 	 103.3690 	 4.0808
 	 13.4715 	 11.4717 	 9.4718 	 9.3917 	 8.6440 	 8.0806
 	 0.0000 	 0.0000 	 0.0000 	 0.0000 	 0.0000 	 0.0000
 	 0.0000 	 0.0000 	 0.0000 	 0.0000 	 0.0000 	 0.0000